54926
56234
15854
98308
83146
49991
33092
18380
81027
54948
16012
90244
12697
63568
84825
5629
95242
98658
38489
51897
43208
31468
91128
42981
57412
70425
4609
9783
91830
92505
35958
95282
90095
36330
28500
43962
2383
56883
39819
69725
15027
88513
9669
16595
67005
52545
30424
39049
13518
20197
99543
86605
1441
35367
35513
82538
356
58583
68177
23421
67204
60195
21227
75538
94507
65689
6198
61146
14414
21234
62902
40452
99644
61762
63696
95528
62715
22436
6247
48798
98454
28152
29358
37280
36864
73692
64531
7858
87180
7151
8716
56501
76514
23156
40133
73942
52583
43055
33499
42565
81979
77262
88765
13846
40026
40965
49362
66649
57801
93166
26791
4106
75089
8924
41656
72421
59162
8854
50675
89199
6923
6809
51321
42625
90243
36301
12158
67451
30980
78702
14188
96866
92670
20457
27758
20120
87561
19752
31639
64412
68057
14488
67573
74328
78791
95809
25644
26737
18729
58070
76840
18665
1331
70056
96667
64168
65828
77972
68964
10028
13204
78504
79312
12359
92450
50134
34353
98763
78723
13929
31276
12349
32513
48333
44942
51866
69052
77169
98100
54878
88595
73062
85745
61326
8740
74416
693
84189
36207
36912
7169
71893
99075
84046
71356
99098
41478
88857
73270
37384
31529
10404
87201
2957
47329
88371
80993
64841
86952
4910
83413
21550
56114
47404
94921
9170
96227
17559
38638
57584
2832
29327
69639
51710
53413
10516
51786
96531
29683
71869
59878
82531
27527
4300
1776
93631
98235
44074
6255
80672
75276
66723
29963
89845
99929
88231
3260
96101
95370
99677
26090
90133
83347
56167
12225
59888
37709
96442
12641
89692
79135
39988
24701
62504
29175
45456
69870
79391
20709
88016
8018
52248
1377
92940
58752
62271
10172
49810
58830
21201
74746
94951
24
54301
95825
91494
4175
60060
72153
36787
99073
84687
36829
50016
47339
11071
44080
39336
61169
76640
88464
45059
52418
28424
96020
42261
72908
36949
74873
1746
79010
90986
96039
31426
83411
2236
58249
47104
73260
83270
53512
53503
42701
2959
24414
23410
47736
22423
1186
22107
27998
33632
24111
9835
13388
36668
80336
30333
59775
94677
30428
78045
34152
21833
75359
26608
59992
44304
90703
54775
82046
91650
29256
79381
28800
25267
47614
16368
76307
48676
31221
36533
79565
16315
28239
47710
96254
18914
66911
16608
6678
94336
38265
62150
793
88507
28257
63214
61898
86142
11098
66463
22454
38612
38618
53983
54707
81117
90070
18879
65147
97375
3334
60003
10632
69809
43432
17017
96435
3005
36739
72613
73632
86807
91061
95009
79809
1393
53278
58773
7917
82284
27412
46804
94113
54410
18238
28632
2101
62748
19617
28264
94798
44722
28291
1758
16711
64590
91991
78381
91238
98516
21345
26804
31733
66199
92890
52079
95877
29532
32097
34635
49794
8675
54207
87582
69222
84345
90071
73834
78726
19063
15905
26765
66971
67130
51095
61708
63469
55371
51525
3221
30529
84981
78838
8065
76744
11430
41250
40104
14011
78613
57051
98132
55056
60278
85991
51860
69879
64191
48280
16795
4729
29299
80976
90581
28014
66688
35820
63153
54894
64141
56845
3121
41261
53517
69779
18352
43451
48335
30179
27228
93773
76039
53040
2147
88826
77914
34542
1712
55966
84905
57268
17254
70429
34809
94486
18822
93423
32447
70629
44205
81090
89823
68001
30000
56024
63868
24641
57603
61709
39741
95748
93126
70775
74211
93507
45310
74670
70295
26412
79611
89932
92143
75105
64796
23004
6739
67594
52244
31319
11020
76892
3820
20574
87315
93715
85651
87187
79276
4119
37391
73939
55948
50350
99526
64831
51028
42668
43347
75360
25978
84481
29962
94029
88893
3009
43639
89650
86262
51411
20852
34164
7833
13091
42919
8529
84349
39631
95501
54175
75121
88589
67581
59829
93130
88749
65139
52569
80980
43028
74834
71580
85785
65114
54644
90125
98764
25679
88228
16437
96648
3824
12968
69888
75740
15338
89671
10067
89055
57565
78593
80693
46864
18850
90348
22159
70352
54906
71066
49562
14969
71110
85309
69492
84695
52549
60664
54186
47047
81596
90240
57552
13940
26437
83074
72853
30916
65441
57422
62369
90741
4814
90990
62143
59555
42169
2773
26042
7016
2766
37274
82566
25129
30182
45400
9164
88988
10388
61603
37782
11668
38261
69263
2702
67609
55233
70439
39484
71942
53896
91837
31316
63292
49974
56441
24289
35100
41547
69498
84858
97483
42300
86207
60220
71939
22240
38458
79879
52357
67800
21413
28013
94824
66063
49934
96652
27042
58063
40529
81209
42702
2586
38614
45519
95949
84012
9622
13284
14448
3526
66379
5725
59197
42493
54293
43396
36457
13425
33479
46333
54253
5385
81730
39246
64378
51431
31525
78493
23404
51648
47490
3122
56794
28234
77646
53242
16931
21839
16995
7235
12156
66002
89700
97792
78181
31527
3985
37020
28112
67859
37573
96663
5278
43231
31227
71935
24225
80654
97770
4113
59369
6477
95117
39663
73375
52950
86719
4796
768
48158
49185
90765
85793
13279
35592
64073
7529
79277
89988
67861
71188
55897
77795
89581
99178
99706
39690
73750
45946
6332
16945
76205
68449
22584
2755
63056
50269
42666
44049
56881
30937
99844
48621
64582
85867
99509
4320
26424
94508
43044
16196
1858
308
68699
6444
12419
74206
19805
44680
31651
21333
19555
65541
11260
21000
896
38973
11121
92903
4132
28599
84878
4950
35476
17865
8365
86033
92543
55893
73305
52938
42687
33947
12175
80653
39749
78173
10676
43819
41703
40565
18072
41883
71997
38722
40671
9174
28887
11443
74186
83462
77144
45605
42692
33370
19485
28448
60016
3275
100000
94922
65275
3155
74933
56008
84348
71298
29103
78866
98242
99202
66811
78243
18207
90719
59593
58076
16737
27825
93451
37846
19744
73692
50915
78873
89923
5477
22303
43923
25070
32682
45020
29777
98537
9451
19119
77338
85396
39920
64518
25164
91247
22791
90444
53038
67852
39949
30095
27292
1420
27553
65026
21075
25171
37220
64181
41890
13066
94043
20974
77264
2474
95854
30795
84570
80321
83900
88205
33356
7937
44651
68471
11330
88101
63959
6340
6103
29185
60106
58705
86277
98763
47709
70431
87478
77263
26912
18793
4985
80247
17774
84129
68761
57737
74383
37396
25339
47697
57620
3049
55748
21336
21507
78580
28173
95357
11043
14684
40252
49236
9056
72838
20630
99095
45419
75771
28531
47252
53680
27777
1824
77898
64823
55987
65027
84669
3590
32949
347
6141
48682
84894
16733
69583
59058
72551
54647
33747
50148
76433
72437
62816
69196
5738
64156
76250
25833
70599
79558
24512
58192
90398
42646
45850
36688
42953
76481
29895
88000
89033
12890
89915
51813
72476
53866
24778
94048
52351
34183
71035
13583
38857
84033
5702
69741
87800
33183
71001
80697
30450
88737
74098
25050
63002
83306
45548
78843
9945
84679
90390
74041
60469
68829
65526
52932
1362
89837
55562
37481
17385
89696
46042
83769
92883
17315
6012
70074
81004
6637
97030
46787
98605
4582
51765
44887
86980
51317
54164
76827
67883
98229
93209
75903
36690
42348
18037
24985
28303
39674
95104
55873
62926
56539
54732
79193
73528
78394
51469
50834
21435
72380
64418
43561
52668
12558
62583
56594
16885
81585
63755
33834
53703
34175
29348
96644
6823
17927
16833
89607
2421
34164
95351
68529
72692
86275
53922
18445
50570
98879
72600
33812
40948
5532
20046
66347
48331
31959
15530
23314
75550
25922
29507
10040
91896
11147
2528
17387
83567
81525
83708
15935
4625
15381
73183
27140
17516
93710
16622
94035
55208
10944
41927
66879
33367
49724
24985
19806
59408
12456
23275
81354
88469
7120
99029
10291
71964
92492
42091
65238
74489
69928
83007
68752
46421
4815
73096
17066
51806
27921
99733
97071
52031
18952
39786
6610
75632
5478
38000
97411
74843
92123
97374
7142
74889
6518
46479
56409
34586
19828
50216
77818
49402
57802
42068
9842
97074
61598
12110
52969
48855
832
76413
80485
14519
40118
16507
21763
11587
86533
65842
39748
22754
84983
47336
34998
60026
87134
55144
78932
45997
19051
48428
71796
12023
78270
64160
7811
49257
50030
69916
44461
30339
46585
74829
97884
53907
68413
71519
19826
69029
73352
13009
4376
46468
49041
5421
95282
98204
66825
40414
52432
68204
6756
37515
98784
92742
92763
28602
62807
77641
4596
82749
16318
26461
32179
7328
33923
97518
47721
2938
97491
84134
64304
98219
7669
42794
6842
48378
46415
5096
15140
87481
71470
36310
99747
13511
1409
37777
26925
22833
32722
99689
43832
38812
93067
30789
90065
42301
51212
98039
47016
54925
13849
34492
8189
16226
45849
49224
94974
9653
33427
42198
48566
60706
2318
67854
63078
41762
73892
80872
48990
7477
69607
69115
8231
76134
34343
26754
42107
41475
94709
79766
14112
31021
17303
10264
46160
67878
91264
24580
46218
84054
60338
86902
29242
11179
45265
49813
56540
63114
9762
74326
11588
77945
91324
96257
44309
48871
67729
24133
39249
35284
18081
38543
60891
23312
10309
2032
4425
99353
54580
58228
94912
29993
31742
47299
2984
60703
17088
9478
86643
87622
97883
21347
51471
63316
12822
51958
81904
235
48421
61241
13851
86236
41810
40774
71443
12936
63553
42104
81865
1131
28847
97532
48807
29009
61276
79530
61635
54360
3099
92411
46457
82504
11507
67660
90095
63402
24024
97447
50442
43135
15011
86600
14534
83462
98741
67557
22010
19075
95431
84484
86032
64085
70910
48921
33879
22420
98613
33812
59404
70163
95242
59575
84319
65207
78894
84932
73761
24173
11689
38673
77316
70884
5065
29414
5855
87002
44343
83613
20767
3992
16993
96682
48617
28328
26842
69403
59626
34177
38722
62880
59034
69804
11133
67708
10992
12487
87442
50960
77972
25197
28247
82914
14338
47526
13311
30340
72169
2146
16255
32534
36372
49659
33014
3890
80843
93297
86630
95455
31813
20667
98918
82831
92408
71725
92017
22339
35537
51466
71149
61842
91660
51229
94195
45006
4512
71492
64173
41275
82605
54187
92902
37601
61485
73262
682
49667
62523
49584
95303
75446
91758
73358
91507
46187
4359
81561
49624
9830
3813
31924
95805
20249
17841
40014
98349
307
92753
82230
85956
73787
8019
33467
9271
28250
93686
3621
44109
78237
3444
57198
46105
94007
12540
63852
51380
36486
3312
72703
81652
55143
35330
46532
24527
93217
64638
20420
86561
8164
82313
67355
44484
8006
88627
48945
2672
67654
79144
37699
28844
95754
58216
83062
64977
12977
18875
60673
96391
60444
27261
74513
39292
8102
29073
93989
21399
98990
64874
4022
20335
54401
2689
78913
72411
73869
16684
70007
34209
98960
21752
36874
37938
63966
51644
16122
49615
68295
92225
50608
74067
36388
3094
62810
4462
93921
18360
98548
31487
23943
93823
94075
38202
57768
3986
71599
93641
53725
41155
95539
54363
67914
52285
94326
66043
49486
81756
97603
14902
72981
26699
72393
54573
815
24048
55700
57836
17594
39282
71877
44796
19878
63244
48524
38220
56276
69006
13526
75285
35178
32157
53043
3563
73095
6178
73820
36058
72194
33833
41094
15204
64809
40789
17233
96872
94229
76498
70502
54430
21342
63769
31403
95119
45486
81014
69649
58437
79352
76375
44563
81760
54859
39491
23309
525
10874
73576
92563
79093
63639
57224
53713
49387
58972
4165
34077
42997
3588
93665
38098
33814
61650
99469
71295
88693
52438
79013
66795
81314
43708
58636
51360
28021
33878
4231
31825
49614
80828
10404
26193
17892
73353
38771
70756
19363
5434
76654
4306
77688
94820
55945
35468
93238
2568
67811
9319
58360
50558
37986
29015
64454
85088
30839
60542
34535
51064
38255
52660
23197
86398
67379
56293
4849
50062
17233
8266
58413
22283
11749
14490
57937
91692
86642
47454
6909
36199
32183
91968
36889
61881
24748
12350
21224
38720
74754
10896
89466
93839
46688
91431
88725
68224
15991
22290
26973
89527
90522
27105
67089
74784
71947
32593
9461
21311
8372
16173
38379
2155
82452
30265
67966
98537
53799
73924
3461
72006
2722
42685
32966
98342
76861
19482
36511
66280
99154
1534
25665
29240
1709
74385
68951
13499
81448
61576
72816
82772
33666
85433
27076
80113
36731
359
1274
90041
93499
15369
12567
28982
85972
4233
80844
68748
66729
87771
46418
42148
20609
82253
39194
39742
24020
18650
5098
6128
54436
864
80313
42012
43448
60013
60621
96218
36013
59074
98017
38290
53920
23860
6297
52222
5524
2197
59016
98701
11244
36455
21903
41299
84771
64533
40336
40142
69950
4192
28410
60161
20709
25540
66717
70113
53707
97945
58354
90906
86881
32040
81738
84649
60071
36923
53472
65025
21779
22299
58700
78687
90271
43118
14208
84034
41709
35132
148
50558
59562
65686
28508
66008
91423
58450
49310
51441
67985
37428
11828
72822
20919
99562
98684
46139
13219
8861
4846
36894
84465
62680
39936
15633
48328
49271
6200
69367
52490
79613
62716
69320
32848
34690
86326
85288
92390
52700
74359
87609
47808
58961
16472
97959
62993
90767
46249
47443
90202
86167
28260
27995
95089
14459
26471
75622
62782
67926
82415
13879
48674
57268
55946
2820
63503
97160
95837
41036
10008
4801
18190
99339
73900
40618
79012
90997
86694
99949
8689
24059
61838
89900
44985
22616
25758
26762
52528
1339
45025
37671
48809
38264
17507
26565
23187
94985
46480
89283
82358
69842
8551
92542
76938
12809
28262
1870
20135
54478
84010
96429
8675
33118
97638
68693
52157
80600
64516
39178
81254
47341
65973
21838
52306
50685
94615
37590
89461
75893
48550
96848
46761
57831
4252
24796
11502
36581
3895
70953
96936
58133
20175
95995
51528
74273
12977
27080
95759
5604
49816
33704
36871
86646
24148
64676
17456
9489
51387
14264
88476
3696
88826
73508
30404
37502
65430
88633
86019
24712
83232
58317
9511
31081
50306
61740
26721
82447
45941
5674
88141
94739
34654
27933
62938
17191
33709
21575
885
87881
18723
8685
72184
63657
19885
58803
87963
15402
33441
43502
59923
3377
62679
40408
82505
44321
11182
82271
4767
51748
65482
36233
51166
50596
71067
27850
22172
15984
42686
90179
45914
58346
39861
87524
6307
10374
11563
52871
51346
52481
74427
20003
62079
44247
61756
81969
81755
96287
64693
71464
67174
37933
21
45429
20227
62255
23416
86517
77252
99677
49099
56238
41421
11030
82504
66780
93027
95547
11510
10198
94736
47668
25854
86042
81666
51632
76118
94501
24274
19684
35859
76676
55757
43574
47287
84069
92436
53997
61600
92636
57634
91918
56058
29865
24562
76757
42474
7868
48628
43034
71226
41755
53938
94173
76422
6886
30646
33273
16916
5848
11641
23958
15607
99991
29896
76459
26969
53254
17947
96602
92008
62474
60205
63843
96208
26024
81795
81648
74165
37218
56837
56746
88675
36802
161
49269
57253
36044
40239
33490
90579
51652
73274
8618
63569
35819
33135
63534
98828
87023
73280
76322
2861
7244
46408
68127
18479
10464
59178
95244
1049
34413
80492
35827
96213
98799
71154
10284
1296
45090
39618
56321
31227
24776
7298
44178
96099
18046
42240
34885
38906
52241
60063
37827
12481
82796
30272
45559
37324
30859
17923
75437
88646
39777
13755
34003
28684
54744
7618
72796
29669
2934
85339
80417
95931
32891
78830
90049
77431
31390
72937
40935
87402
59470
81567
10802
9168
66412
60935
34712
2394
74032
73208
33656
97364
43116
47392
58557
17577
30071
73780
84071
90805
70470
29346
1718
85078
5827
22657
12703
1874
5633
62381
22226
8537
78590
65243
97642
29024
86898
16041
27062
41201
94148
31911
23150
24668
2459
8212
16218
77750
29009
41779
10156
10175
77780
89932
88207
10850
63819
28364
61368
20310
22917
47368
45449
58669
64253
93646
56041
67847
11575
14863
13504
52231
76324
53088
61589
72539
40666
26525
12135
5941
71302
97343
4120
65549
2716
9387
19434
77979
80908
38956
35961
23237
89659
99103
13449
11390
79621
31306
50980
98591
47723
37909
87481
53621
96229
49064
20098
33426
5513
1
43588
20638
8123
88358
81740
94430
36296
2076
62491
82168
26092
6322
99309
45949
64043
38967
565
59559
87910
95990
30388
71794
47260
43537
11883
45652
23013
15465
47529
62069
34473
19628
24379
35107
6242
28384
15320
47997
3213
66925
50419
34953
30726
991
32892
37772
6786
56453
60243
17928
9424
14302
9449
37747
34083
93583
63396
35511
68948
44026
93289
60407
75904
19684
61607
82196
73132
12356
32960
65578
36232
31431
79733
11938
7624
57233
74416
72141
98725
95022
24142
41295
96830
21083
60568
36788
94238
55769
32565
57334
47486
73417
44798
80844
34448
37469
65478
44831
8389
36778
59201
21626
21024
15547
60982
9209
85548
48767
52023
48470
48905
8427
43139
43639
23804
44499
88344
67125
10093
69066
11246
30055
91688
16478
81373
89386
30619
37766
96596
22869
28721
6506
83581
33627
19388
42861
49988
86146
35540
18808
50041
73796
69266
71931
36897
3013
58302
96648
74249
13724
60842
99046
83807
93082
72816
29517
17012
24727
41820
13780
53552
38874
74951
2809
66551
30201
216
1339
55016
99308
77354
71977
67221
43968
37736
21027
73408
12556
37358
93963
54850
71204
90586
47016
90026
70926
39233
10047
39766
29802
97196
66642
97288
92977
47863
91671
42858
65374
53928
71680
66616
32001
7205
72434
34435
71114
47451
47447
56675
13312
54940
95337
13809
81222
11019
33575
98226
21765
12436
99474
44313
75003
43890
10940
15627
97330
50362
42329
84952
25878
57818
10881
30616
94113
34771
14779
18672
35400
34259
49460
6626
47518
62512
2837
26919
67467
17662
25018
82611
99559
22194
48359
58166
15133
34427
58461
17557
23217
90779
2889
37557
2237
89483
48285
12188
10654
79752
76792
96667
84365
81567
88033
68171
80017
60891
62393
4572
74658
61177
58335
54705
10115
79786
76760
18223
62346
99333
52708
2104
55857
73558
11811
85892
92363
60713
15932
7560
91756
7710
57328
13008
36724
19346
30849
57213
26398
5102
5270
3240
16951
41514
81716
51242
53689
45140
26096
13612
47519
75939
71673
9049
91324
35539
96454
59633
16442
69811
50766
76266
95956
6730
64967
25672
36374
70905
84433
69290
18797
23229
99016
90040
77572
76002
29334
77932
58709
72218
57972
68421
35536
59122
50658
2592
98624
95162
74206
49697
25227
40820
92825
93285
88430
17416
27396
16275
4864
70460
86279
18822
70584
99971
56598
69009
99463
92905
54401
55752
46517
78697
45200
41389
61965
86206
16479
59994
65734
86564
47967
60925
98885
90005
86670
31050
5851
10675
19979
89396
20128
15633
49163
60535
87743
35011
33304
37670
84624
91375
26015
44483
8471
29176
2740
22945
72939
17318
86218
93752
72169
76231
8649
4501
40125
84895
17310
71390
81081
12818
70457
25794
16517
37744
68831
85412
43190
6693
56611
11164
60295
58338
93639
43582
41505
68984
51547
87606
21143
77764
25779
23969
6281
64231
51546
17479
97881
85981
21687
51125
84885
14375
62715
73014
80893
88828
94289
52687
96882
81720
35858
66469
91582
75977
83531
35371
71647
35095
68884
36997
27890
69668
38331
62563
29159
52345
67888
26633
9520
46326
38913
50041
43277
12029
70395
81708
44484
59310
87778
46012
3218
82496
17580
70443
1006
80755
32218
66608
13244
18929
8359
46075
51923
59158
66586
85810
17926
87832
25842
14402
10756
27136
34762
79364
97679
58558
1674
99985
26666
62769
220
93167
91670
69651
82408
26668
48933
81277
77545
16966
93241
41906
52704
13778
82186
39360
11520
88195
47293
1787
85222
35790
15773
92900
36143
9031
11563
72416
11770
28906
99780
52276
86174
75433
97038
46830
22889
77975
2441
83020
47750
71488
97628
65297
46435
8583
93746
66323
48346
88036
69722
73205
93161
51904
14510
39661
46770
65310
6904
84907
65415
80582
71728
35091
26356
88187
76161
24179
39175
86553
27850
67371
32859
19691
94473
69885
69345
83172
94315
26007
66984
39031
78660
34867
18289
50818
79157
21296
97064
97117
84126
73909
91584
6400
18822
40339
19828
41161
30436
72341
10793
23559
20241
24350
16613
37844
50060
90540
22506
60818
98271
21109
51554
61097
62440
63547
79093
2763
26917
25385
31075
4306
43642
67988
46580
27256
59109
44737
14471
13071
28719
71849
51271
8907
74999
13397
84409
12642
7533
27147
75493
52271
10390
39658
92529
64926
67456
26602
5318
48442
86437
76886
38245
42922
56795
76903
853
60370
52436
24315
3210
41037
91831
46176
32060
85117
21835
40675
84959
97403
95895
53232
1801
32427
64562
44472
71846
35114
15236
15841
38771
94727
63538
22227
90664
792
64837
24225
28262
98544
99590
62692
23245
44440
10491
39736
51918
97862
25043
48163
75338
36318
93027
29862
77258
3932
55808
2614
15099
28390
1546
55722
19736
71189
77939
11977
59599
96710
85707
21938
18332
165
92136
70979
28822
56307
564
52861
45497
9207
40597
21417
74995
1508
55278
15525
16116
29780
40967
76211
16516
22895
34410
70896
69964
12312
26873
35627
80354
30071
94043
63791
47082
62683
33085
47853
4002
59200
73571
97125
63980
22268
54351
39625
7112
57731
45477
20197
9610
95834
15205
27344
34298
17576
18525
14439
72204
66809
75455
79772
62128
5593
76759
22000
50574
68267
78385
58743
32251
47770
89900
43305
79844
33285
68526
50282
73966
72370
52320
61542
44603
28420
74111
6560
38253
77257
39517
53493
51192
84036
68673
97404
2644
37779
83472
52049
81422
17645
93206
42872
61292
93329
26344
75457
53059
73052
43048
18751
6268
59957
21602
26069
67768
96360
33523
41720
2345
30804
76085
91093
67847
14658
93960
88095
84413
43795
86092
4591
32074
30960
29329
17428
87198
48119
87630
53151
50412
9558
1024
50037
23112
84478
73735
84283
66113
48796
88537
90827
49538
83758
37859
82169
45673
89551
64523
11872
7284
73042
37572
54601
57899
12609
92491
20248
37559
19362
27360
99571
20869
77819
34987
40120
43206
55092
61505
15516
80131
23734
62276
10067
57103
41170
16629
20349
20997
44438
96093
43418
25225
65095
8765
7441
35544
54017
66412
17533
86148
95291
47648
70469
25618
97952
68516
79643
45331
98792
53448
5724
16013
54283
19596
99295
94155
49593
49714
59995
76816
25441
27209
9930
32418
57852
78434
49765
37022
66397
98311
23346
88280
70954
92902
10782
21877
37391
4813
47474
27999
67363
17155
56458
66304
63979
32303
9858
39127
88440
33949
40868
33543
88397
4287
83497
2764
14728
44260
65979
12943
51859
92316
45369
93644
8075
64855
12664
67248
98846
42213
4466
87365
4923
52158
43825
41555
71336
98591
57442
45227
88197
11244
13922
71372
39361
72472
50789
62295
7768
66381
27923
97946
37124
5792
81509
61507
82954
94531
49258
60143
27259
62077
88834
37190
16432
43079
45038
94706
13481
96482
16496
93530
1274
8132
94792
92283
96539
26811
89685
25719
13804
94834
36596
69629
86161
16405
36890
48892
76723
21355
23202
66867
21301
51192
11634
54817
51305
95469
68015
15479
62361
38165
1890
57898
98920
94565
90444
89866
27863
38106
28983
24622
90402
34571
28092
48523
1557
59079
68118
18027
30359
44088
66854
29591
50674
53114
19927
72008
59774
84359
91044
49158
26690
42098
91167
64518
79288
466
56381
21563
21665
96186
12265
87518
39940
47144
88510
43994
10391
97828
44954
45368
8479
1080
62014
68551
84959
89132
34084
73595
87372
59599
12793
93970
45975
54871
83103
4758
60443
44254
74817
58522
57051
27658
4126
66666
22354
40371
41933
21975
7628
26511
43130
10675
22414
76821
70747
64982
13012
66194
27954
92829
53777
29745
41374
79807
17911
78156
84870
49184
71407
65239
45760
75755
34148
10967
32687
31915
9512
64281
44071
98834
73735
29673
35614
4152
29298
20286
5990
64416
62912
2219
16947
49831
53038
50011
8523
26755
31040
4188
20272
56451
6011
55747
79754
98456
18849
32270
27790
1006
97851
52904
29119
42006
93515
88794
63701
71469
23306
89991
54894
34555
59848
99428
1243
68597
28572
87213
18512
80976
25279
70729
80562
53377
78644
32206
25899
37505
97314
13226
41169
12102
16872
74505
71517
29576
60759
41426
83734
62041
70548
10957
47032
90770
78255
86237
99428
52707
6161
47245
78855
32818
62627
11321
25983
20704
36071
17125
97343
79494
86429
87771
74144
56959
99512
67937
80590
51861
82470
9074
17780
44090
40881
42443
89034
23332
20591
45911
36118
45596
53722
44777
7766
79772
84056
97124
36776
4997
94639
59940
70723
51586
1683
55682
81717
31730
73121
93220
23135
68818
48833
47164
91781
61989
51916
78408
71505
79250
81017
41067
38891
86698
47657
29103
92812
66255
90822
82658
7170
48804
30598
34353
52417
97902
86825
67361
95602
38788
61901
44619
45113
20480
71821
19856
12537
13838
21457
44843
87876
94517
36509
17
7799
35808
98966
18430
5124
4188
32170
47505
22381
69834
18492
86562
88493
22594
18078
49634
15948
16511
11540
14533
64317
20294
55113
87833
57290
49399
24562
51864
43616
71078
58443
60061
70500
42283
77360
3283
2713
98969
24665
73801
57134
81559
46582
69101
75103
76620
66192
36621
2886
71548
11440
17091
71434
1478
23910
55939
69312
44820
47541
34381
63512
81904
13082
86976
87323
33030
83334
9941
55873
20169
66029
6979
93189
73965
1246
62233
22831
65500
75272
50405
54897
59878
41567
49120
28910
56258
27065
68014
78821
2711
28086
34220
88652
44569
43703
10673
32174
32226
17939
14620
31555
80256
18702
52918
11057
66849
6932
28812
93180
83568
83769
53018
27214
55465
30349
85637
58132
71636
41931
87046
54962
82520
95488
46980
85144
65473
38483
26803
47750
1220
81434
26791
32154
1220
45593
29143
45267
36192
28845
67181
61815
10544
44773
58840
89940
57006
30469
99435
54786
60240
4004
98736
89238
98316
75894
47793
33134
94833
82397
20746
45547
39710
28770
66748
9936
92327
88974
14902
36634
80629
76543
85589
69375
88238
56676
67570
49203
93586
61928
72569
93644
51170
24505
61218
14100
23049
93786
11966
47319
82670
53778
6624
7017
83854
74032
83363
53012
94272
37902
97223
21179
35626
51781
1429
24980
27131
14568
57812
87182
48241
70721
62925
74915
43615
98000
35092
16902
72664
73387
5133
5362
52
7436
66300
83629
81749
30112
10753
48503
9775
2648
8747
82385
24424
47101
44714
98803
51951
92298
93415
28564
44623
29767
89782
44869
69076
77600
99112
69387
63059
48914
83490
9848
59492
43639
38868
73777
85385
77595
9052
33052
61939
78201
30229
27658
9996
53481
77882
33986
33969
36925
5527
50596
41258
80456
18845
74496
19707
79729
15877
67162
47383
43283
63644
22400
41403
70305
81397
54682
45850
40717
90655
14525
48669
39038
32295
17698
1309
75679
47046
23848
25778
71
63886
54964
10367
64909
2610
78208
10332
54185
21844
91829
23367
62058
552
85718
24581
80690
31388
40032
91694
70022
42904
5452
28000
40094
66411
41687
40681
74984
29776
96369
27793
11030
75936
74010
54943
79868
62115
85706
97242
6182
50030
82712
79459
93618
47888
83153
20381
17485
60283
33902
61768
21773
15137
18272
82274
90632
37712
15983
7853
25543
26403
44645
78636
52094
46693
44109
62275
60637
42532
63010
80942
42860
26222
85254
25898
69535
17675
6492
29249
64540
3419
79348
36064
52071
35932
9801
49047
55577
23018
86545
91356
28194
27449
95542
54933
37435
76013
34802
31127
4144
95043
32517
97568
86493
76069
50104
10642
88561
62838
37660
50805
57460
42528
93278
3081
7886
12491
75023
22729
98352
99568
58210
61032
25354
45472
54445
16960
47425
69807
4648
44090
43521
38758
701
21059
83958
621
6190
82085
6825
58159
20393
33054
70516
37622
35471
16110
84847
9420
6851
32988
69065
89355
90260
26372
8625
38720
64145
28496
76973
16543
28356
31568
60455
83049
55203
17860
8524
88842
65419
64420
89519
50506
13503
41530
81196
18946
46650
44586
60977
3982
87143
5136
19397
52199
55648
82406
84250
21823
16574
50811
13860
30211
74606
96095
22217
7805
66741
30211
45058
37894
96983
6317
37530
61150
6924
84428
7809
30116
41884
50142
80083
95696
70438
21126
15852
4919
48905
8679
1536
73486
41892
76130
41101
46650
50932
54577
80262
80550
83488
50173
14952
51540
50878
54770
40086
24651
62863
63820
54667
40964
20515
80863
19298
75049
92837
22993
98997
34681
26852
30133
18802
54160
85576
13514
46147
92173
27253
92815
69312
18284
42102
12700
90038
75640
4440
90254
83233
9023
5731
61559
31079
42406
98996
52725
38666
99455
88238
242
24746
59840
15969
25825
99603
72429
5812
70021
6695
61285
10806
23906
30146
80450
29053
25396
30765
78488
44024
53371
24570
90923
1704
94973
34453
65451
81229
70572
54591
76346
33078
11938
20792
63205
31235
92986
97380
24381
94812
18708
57366
48277
23381
54218
47072
50204
87088
25830
68776
69028
1540
91368
77720
45789
88520
58076
86304
43929
47107
33340
49103
93322
6011
62747
49735
25808
28625
10866
24974
58739
89133
89929
51020
32758
92498
71307
18711
63583
44646
9404
27746
86452
28461
53148
60766
69113
68886
70520
335
14336
7145
46821
61054
37592
45442
51927
92592
31437
83985
83361
40077
35077
85763
59200
30515
95415
11838
33082
39022
94176
36788
47644
35684
76313
40954
7546
57008
52416
12134
61870
38006
32070
69660
8416
77545
95526
60313
20190
52734
91650
17266
28100
98967
36977
69730
64540
85353
81349
70264
17338
1256
37338
4068
9653
90940
18646
29007
29132
3243
35177
78912
969
37305
31267
52532
28034
2456
58344
21155
55319
37352
77424
75936
40331
3382
11042
93212
73872
48066
44268
93859
45711
11156
67414
42981
87556
8754
52875
53704
68759
61024
4769
50654
51245
85473
38337
62337
44326
50362
70747
33016
26363
70978
17860
58219
86676
50883
25001
14214
51950
79640
66
24049
74785
42807
18278
26102
97243
5277
61502
5516
63829
40575
83156
4206
14177
63126
72332
89146
44820
50332
4868
70067
45030
50934
49852
81419
12075
27892
2760
74231
43766
7952
68857
65512
93603
75889
27296
25055
47232
65382
80286
72657
34984
63190
81022
42556
62735
65948
67079
48247
67830
33857
78266
66939
89466
40632
41820
10635
25022
11595
37712
14495
96103
14586
23085
60908
76008
72857
87560
17945
95852
36571
4418
71236
28210
61182
31706
64068
4490
69487
72568
68931
75605
36479
70813
60187
39892
86587
67604
96174
21826
78745
73687
84197
21007
866
61693
72566
78678
90255
39888
7335
58246
98249
5431
81482
93714
10937
4026
60852
86037
69179
7292
82971
29130
1513
48338
96173
16392
67904
61089
20543
25772
51426
61535
91995
91647
88792
68262
18892
12319
83006
3117
61264
85288
69285
88112
89771
68783
90084
58759
92365
14955
49689
21471
83178
29347
54236
53596
36021
74614
13044
11354
16487
42620
50676
75265
44529
46237
43461
77437
85372
46706
97743
71385
86295
14078
86052
67021
57124
40133
2832
95926
22831
14268
51903
74691
8911
12301
51325
85031
5257
88117
74720
16694
23555
97173
26558
67476
83109
71946
17713
5943
4978
14993
73792
50051
93399
53345
11671
97130
79309
20380
15685
31840
37744
686
94602
20613
56750
18125
57282
94069
19229
65937
24169
69195
522
54770
44770
64902
10764
33282
4173
8057
80478
9007
13425
45625
96112
78731
24711
51378
40822
91404
82383
15354
45623
57930
4871
91671
83878
80341
66724
82016
59109
2893
97682
13462
66526
27827
63116
8204
70473
23887
11930
65228
84050
24283
71629
16745
26295
52150
53557
55225
60375
41856
21183
13761
23283
78609
28233
35621
40948
858
1569
96833
55666
20901
83260
30185
42244
63996
12277
42902
24322
84
91617
42996
26511
60713
25731
94914
69452
87211
94697
96137
412
35076
25072
25405
74313
16845
94748
86973
79649
55056
25996
22390
77087
34487
45309
74573
10043
21277
27931
80483
79339
7394
71744
73710
80469
97181
11276
36137
19170
68496
66819
59612
68269
77584
33152
75660
11467
71042
42365
6584
57918
63509
154
38667
47100
68156
14152
81828
73029
81393
88768
23097
41327
40696
64761
7114
43130
81076
18925
41608
59732
90346
36179
38269
81204
30480
42805
62353
85849
10232
50289
95157
64622
83926
98425
14279
4166
75249
28045
36989
6148
38395
89348
73310
89833
5765
35390
80165
77226
31867
91535
3776
37232
88704
84394
63794
78808
85176
64768
37014
11087
21044
86468
63274
27612
47909
17929
30677
41111
63069
63249
13795
93958
7432
6544
34888
41453
16940
91587
42408
195
71640
77971
43318
91891
55251
75287
80890
54886
51455
15556
59815
32702
97578
94287
32546
17834
78008
22581
14100
49289
11591
3414
34821
37600
25407
30611
56071
69855
51825
16081
2702
70654
79245
3437
99107
53975
44099
61650
71066
11517
92930
93010
39272
59531
92801
68587
86990
92998
20219
86751
31693
8276
39533
88425
74170
66180
14473
87442
90553
12424
72177
9391
30739
69825
48123
91937
73499
54774
68723
42264
44034
13590
3240
80419
64857
56806
761
48978
28773
18337
27860
97520
16699
68308
21620
17172
39832
82906
89187
24302
62795
95385
39830
65010
32091
69566
32697
50949
67744
84896
33272
92873
62014
18293
2035
99709
21350
30681
83717
59018
10451
91873
9798
83920
75864
17884
76169
54778
4814
52147
86448
32645
17827
84914
8816
29213
27355
41554
49936
88423
97792
92469
78805
61698
22111
3298
42438
64386
90075
43487
55880
63914
84782
62349
46127
81905
36189
65237
3588
34295
64568
60798
24043
85474
25489
82062
1857
98218
87580
74989
14018
88281
54776
13572
151
49689
76679
15192
2956
43005
430
31308
7395
77887
77747
25904
41472
59716
42431
20832
17715
65322
12676
96258
7744
60693
2686
27894
4002
89817
44631
34149
4245
85463
27592
73587
86456
7720
33557
78637
93168
96921
59599
19376
45221
39790
49425
32144
84718
59679
54805
80378
5303
44282
20605
70845
51541
13511
53161
11107
62806
21980
8424
95309
45453
10840
80989
46107
86630
40553
2855
38914
32732
75463
46834
29382
99817
96708
88441
30981
78863
98738
89153
43283
93571
54488
52967
17937
44653
39269
36238
95294
89694
28946
19355
85864
28814
46708
85679
9520
32895
79675
41139
37659
31434
78499
38439
24255
45157
42475
24634
8906
22829
29456
30420
84233
25473
97015
39782
4779
33889
55390
36546
85937
2986
19600
12855
8911
81317
81992
53191
26961
1778
51141
7373
970
41003
44849
31076
22113
39942
41538
93472
51789
90259
65900
81651
51825
52478
52450
72396
87859
20472
15879
71591
73477
91719
21908
36816
56139
89160
86740
97711
55637
59909
4304
26617
86346
65793
93309
82571
53488
54035
44504
55728
71033
85043
90509
10392
18452
71759
29588
35994
15325
33538
1828
14132
66684
46436
93276
33341
65870
80801
11448
70983
72588
83955
73919
70280
68679
29809
25389
9632
63904
20338
24434
86389
79677
93189
83150
36330
37431
54029
92891
67137
97837
23441
54596
4866
31338
26378
69844
81743
35169
66939
52259
6634
53365
51169
90790
51907
9126
22991
97056
54533
28520
47865
62773
93954
80124
27055
79389
28701
31283
3363
91818
20270
99860
62625
91670
34565
98319
57657
17418
34639
50111
87186
80397
24728
86354
76537
68049
63547
99312
47636
53271
49222
83350
8133
59925
95762
3929
37785
82506
29456
60945
26772
52018
84918
90831
83574
13522
30464
71282
65463
37489
89687
63635
75010
28487
10728
22825
58041
33357
55664
65797
30830
50731
57967
6235
15334
58675
22667
38029
742
4632
27023
40117
38909
61662
49797
39692
13092
39698
37280
71925
98601
55792
25013
53626
56374
93151
50878
78479
40642
82403
30220
42005
33884
77181
13479
93295
10062
23218
45308
7318
49200
35712
51222
98171
76115
61373
82176
44530
83265
71384
22592
99106
76507
7654
40897
34331
33255
90835
50443
48309
5064
36383
18991
27607
81709
84566
44785
75644
50958
46956
20820
96312
47656
55206
97240
35548
79643
64828
85981
19238
57066
20445
98430
67319
52165
43895
12270
621
84100
80191
84384
63124
29329
61767
23650
80485
6954
62928
16327
51794
8958
24627
6484
69348
10484
43112
65342
62338
49794
78689
11411
64171
71597
60437
35073
64015
95896
87760
81757
71767
12646
85130
91491
22960
61566
14265
37274
59888
21340
85658
70810
74960
45816
83308
22457
7720
39768
38606
84210
31472
547
87531
40311
56630
2686
71758
64213
68410
75274
96709
51126
79099
12227
71141
52086
76435
99967
1449
93325
61036
36569
12859
36542
87368
30206
46124
4009
58292
46215
41265
51815
14359
76549
3314
75938
85513
58936
36632
87780
76324
10828
77634
53679
40102
15427
13734
82929
81908
38175
17052
1277
60469
19210
98866
7337
68992
8762
99573
40777
52533
4296
38803
44016
38367
36892
27725
57780
47834
63229
13325
84437
93737
17224
84766
23223
98842
64429
60931
46423
50671
64454
45597
78569
98977
43671
48739
36246
42453
58674
87772
17693
9375
67954
71792
27008
80805
61242
75609
50156
570
74415
31365
12086
12538
97221
38675
59778
54367
292
65837
41743
55952
20975
25084
12294
39419
99638
10575
88169
48841
89121
30004
52943
97724
81930
61523
34835
79523
32611
76962
56806
76172
39729
50765
14606
12071
21427
23426
99402
53885
54074
32363
95397
44059
51630
59228
80764
18346
29368
69335
33995
57368
911
60657
67767
39313
19846
43387
83023
24349
39296
12092
15805
22886
94457
9151
91507
88375
4702
36226
56108
4755
94049
87051
21794
92460
25268
94525
45813
80110
55230
95435
83606
56004
33864
29634
89769
63750
98763
94066
23406
55700
71126
14207
68712
52045
47540
85484
56326
15198
92067
53752
65745
36875
2709
46207
29598
17024
30133
31469
7287
34898
28674
91850
37353
21335
24089
79231
86293
94502
929
55793
22581
30701
75754
44363
44150
75786
27664
68530
46653
60949
57360
39388
46972
24117
32091
45945
99840
47506
60019
834
71373
12867
16260
52866
5346
85302
14326
31483
30834
16637
82078
16048
66164
2135
5627
9255
36996
86242
33122
18541
94181
70016
50903
56893
45905
19848
25226
48557
17707
90317
40576
83908
69866
78582
70589
45278
11404
33147
84828
60840
78467
94050
62584
40391
42041
90647
92238
68436
20638
83508
77482
88197
92104
49854
21999
55341
7103
98217
54243
82288
10236
53165
30213
56015
44160
25972
57487
97523
64210
2341
7753
84988
84098
86531
77184
11247
27100
11542
36956
6314
21819
83375
40026
2296
49872
72726
28242
54484
6646
70385
54316
41135
69366
42962
60388
41015
11980
84967
58838
50088
96102
81319
56316
95770
82441
30884
16276
1621
85796
81741
13615
4466
32860
53527
61308
54085
6524
275
77585
39030
88235
37545
20419
1906
1459
33791
69836
92480
12165
65173
41904
56618
63145
10034
26758
36603
27793
17650
7081
74205
50377
83585
42496
45176
42193
55177
3618
30206
15010
27992
23377
29121
9587
43508
52328
61368
2909
53185
32058
65620
60438
81906
34194
7882
12092
54819
3628
65765
88695
72122
84529
69087
95946
58479
80043
54462
22285
5840
13397
43932
26996
46128
7074
74361
58712
44101
76740
42308
67725
9070
52488
90926
89452
96693
18268
41827
91106
98956
58355
16523
45182
66467
23499
16630
12763
57982
41019
54041
99070
44784
37969
24224
16947
56478
40098
54984
17416
65766
99539
82853
86091
95095
69135
63666
68788
44513
32770
40277
97613
43686
82874
41202
89853
50918
47705
80707
45484
58455
72962
54928
88110
95772
6582
50627
15613
35390
19176
37927
9819
48076
60751
41349
3323
86290
34372
68645
67022
29716
47970
31998
58205
6261
93206
53341
88847
9405
72044
25450
37937
52391
12330
90650
50915
22616
35338
59581
72186
35725
52313
1745
76384
6166
31469
76078
26793
17737
53578
849
53465
94924
23788
92758
77767
2325
42173
51755
24981
8434
58788
47315
96801
88400
86095
51888
82673
14294
15558
43549
32564
4196
43627
95185
81242
40280
37300
64864
97055
90398
41265
94238
25955
17980
54857
94996
31668
60864
8196
68389
9597
83097
32055
19624
63226
64035
99632
34057
40830
51227
16506
34473
86871
94449
4274
68089
10803
26404
41205
93688
86389
25998
28236
31462
79209
81544
18833
31301
43230
29983
84990
63010
49688
58647
54329
77913
66857
80794
10091
28237
76008
40716
49769
9673
78750
64715
1343
85518
20288
35076
96121
51544
38374
89098
65485
72466
95872
20630
9043
13865
95503
89152
44303
72993
61704
41541
68988
80976
3884
91150
10270
34264
41649
46512
97264
2099
72295
29764
40393
91039
72132
44187
15367
66536
30627
27821
80586
90459
27487
61551
30181
64700
98013
77284
56420
61107
47880
53881
5978
28179
4279
49324
59367
35357
38354
63398
20869
12068
11452
41321
75818
57568
42147
89431
7764
47740
14097
90067
2048
36149
22830
41334
4934
32658
67806
63383
92039
99939
55536
7567
59547
85201
83725
66221
77828
75607
67033
27346
3854
32073
8088
35554
79864
64264
15666
96017
90245
44528
14523
42895
55674
25884
79695
48534
96255
62431
15806
37959
70390
21220
49166
15570
19025
20093
65567
4418
22504
35742
44122
36455
43669
83083
12253
83527
63217
37619
13848
1967
17464
12316
75740
81243
48627
846
50034
53796
94026
94408
23905
74718
25990
79476
11661
56834
38094
69836
45605
96427
16304
58711
221
97924
86232
31042
19540
88077
58073
59392
63729
27970
13164
97296
89691
9424
14674
83574
46498
24495
66339
14259
80191
34986
80753
69694
47566
90140
47375
95800
30759
34277
88895
96078
82751
88229
5084
27256
40328
64012
73557
10413
60275
81755
38559
9223
9598
35666
48655
51891
2664
488
40315
20118
81496
53000
2573
30306
30160
62409
62110
50798
71922
69064
9033
14243
29518
83586
93872
95662
40967
94682
6315
69066
39218
56193
11030
72489
36240
8422
67718
59938
23583
53321
44657
17705
10559
4949
91097
17518
10896
28417
83698
80569
46080
61677
38547
13594
33778
68239
30262
11489
92829
48146
10059
28827
87006
99722
93167
89592
4521
36417
70806
42181
62553
76144
55893
28023
96323
84874
80370
59813
85527
54130
86232
41534
43247
57468
24780
42188
1043
47298
31053
46002
31428
46022
21751
97375
59642
57871
31957
30948
90084
15741
39774
12113
27188
63388
79668
26920
12442
68735
45089
62029
56327
65192
52457
12639
82935
16196
12274
84473
13513
13247
22184
31248
46266
41108
58640
98478
19386
48115
40128
10238
20953
89428
91033
76185
64194
65824
59471
2197
42246
86898
41602
33836
3170
90728
68979
36762
82433
23618
62597
31264
48013
82657
37967
12770
56551
79398
21137
64054
7113
55492
36632
49786
94164
42307
58107
62724
58037
74704
53379
47362
43619
16871
44439
53242
73843
15436
89836
16811
86743
70348
11414
25741
75820
96850
890
49795
78814
22863
30788
75904
44128
81786
5424
44244
34330
37304
75080
57467
9093
69666
37312
90195
26583
2143
16363
96295
4660
67408
86046
30293
55721
57037
71514
47120
14792
55869
33245
10590
3763
18506
75377
22609
62586
34795
80370
77184
21786
57017
92270
8947
74053
4393
51433
59743
68496
61948
73453
28051
5546
24635
12489
40187
71261
32660
57706
43153
58408
4614
46262
68361
40949
21139
15666
77396
20882
29388
80588
72593
20774
83806
51953
10559
77305
25336
10614
43868
75551
15070
26294
52537
15459
77872
50084
59224
70981
35765
63101
37465
32661
77639
16064
54208
61098
25882
92631
91174
42225
29532
17760
33675
20780
38356
58053
34817
17665
32253
77629
8732
97029
66233
87910
35150
28737
69853
54359
77475
71777
52519
98432
1362
26407
4811
74784
39411
38996
99602
182
86894
6881
46907
51958
12673
61185
59288
64327
61011
75706
27318
15619
92902
38223
52254
96518
1048
51233
66267
95743
42879
3241
88369
59874
72881
73247
97189
13588
16172
24761
96514
38514
11249
61239
57664
60238
92553
27997
37373
98453
41574
997
82624
71142
46594
95110
79906
70691
41496
64051
96886
15765
51380
50640
61277
75176
45458
80671
18197
31753
6447
35736
54183
1696
98852
41791
83975
69036
82084
97885
17424
96551
56591
64045
40462
52627
57267
10239
58378
77274
42102
55452
26533
26072
13686
30245
13145
94954
46923
34767
20404
73573
57674
27154
3675
61195
13477
42445
96660
57239
10052
90766
23904
78208
71930
94109
98104
1852
44177
23591
13700
2725
35467
92309
90077
84381
59385
49505
67017
32401
59825
84073
52721
51210
89136
50475
27178
8642
34696
15610
73420
96892
34202
98402
17328
28595
90567
43621
41534
37658
37818
59342
32372
55870
23975
13095
30407
59582
14653
50761
24458
67642
54763
76117
50169
93893
88599
12833
95834
43962
72832
4910
61256
98322
89136
68226
83419
33540
32655
73996
90837
18041
24462
32379
69126
7058
37592
18393
47696
25336
42677
67644
12018
57605
72509
78064
30562
26030
7836
13623
4542
58292
71693
22706
2251
48446
75122
41613
50318
72105
73337
53517
54615
64257
67140
59326
64065
48389
26340
9933
68408
15856
98631
12079
70142
30821
55839
51173
18950
83172
63347
4061
27731
62867
57420
80329
88829
71397
59231
49985
3783
10785
78721
76830
54396
92533
63424
30251
7532
77606
44542
44389
43182
49102
49038
16220
47192
77214
44172
58487
25467
17930
1442
70508
2705
22579
72913
62088
68776
41098
25379
78469
86290
71717
85552
42771
54888
78048
26179
45475
60513
39934
99451
64794
29966
86670
83865
5068
50712
32220
12705
31331
74546
75716
59886
68496
86438
53907
54353
83271
72317
64829
20337
2887
83775
22548
62940
91415
52373
77649
176
47882
75989
72952
87808
78512
9355
17952
6561
88469
77292
34249
1629
10218
82121
62524
52733
85683
61867
29623
46669
40879
92256
61678
5562
58513
23867
31729
45419
85094
32741
56945
6359
18920
63803
31684
50666
42083
56191
47613
80694
98015
60483
44174
9511
61009
34360
17387
12795
49853
73969
76220
22517
36677
83446
57053
34309
14415
43754
77342
41031
40187
84408
65215
59949
5339
64472
82095
90504
57639
45029
11450
50725
56118
66577
88362
46453
29922
1208
25622
92435
34331
83270
53888
55529
91740
5116
54246
12711
57965
4538
78069
81672
84964
333
68238
74469
24467
20329
59992
93443
68956
37049
75324
73129
51254
31039
38145
27328
57395
31274
1968
89643
47339
98926
87868
63107
95228
35029
70891
90243
37853
2174
74169
4148
76098
53799
96302
12956
65519
31399
9905
59610
83147
92263
45836
22294
65938
9009
34194
2417
44852
97653
86388
978
85975
25823
80830
32406
41640
70623
64821
80711
97140
75013
97649
20887
61116
97761
6980
10002
67194
30804
56905
17120
37316
86261
13429
1369
73272
284
98499
48862
87257
20079
12513
22759
79054
15502
56925
72067
54254
91291
1919
61992
87375
35951
34782
86550
34953
7874
32237
98282
46145
69852
81315
43176
58250
51329
30386
32360
73560
5567
9723
60306
65283
76707
33411
42843
60144
53340
86746
29018
33434
53443
72074
59047
39153
85937
71514
89572
71171
24217
89531
29265
9789
34502
44800
92733
90250
42477
79901
86431
87038
6197
74032
22877
61195
68996
84336
54142
26078
74786
61329
889
18826
51092
16563
76389
13436
61426
88995
84019
4141
44555
16779
90635
74160
19827
22066
74085
3727
32462
8510
86709
80330
15980
12660
74902
24874
42040
12657
3429
52994
14514
96957
92310
85910
49260
91937
86658
17185
27057
15648
98884
3226
33511
97502
75369
934
93513
65322
79121
56885
63021
63234
41721
98709
19611
84655
760
22608
58960
58835
32586
73430
24348
80072
20996
12133
10482
15034
72237
17947
30345
60770
3382
57827
87922
88351
58304
31047
30650
63217
4212
37855
53546
16845
89156
2139
13209
58564
63815
35334
41912
52183
14477
33900
5034
25272
76049
32058
89467
50253
70202
30312
31322
97285
53519
68789
20140
98152
80067
39403
47474
41322
60071
68218
68363
75066
92059
51876
2075
72935
93564
97718
40023
23613
83687
21832
39634
50295
1575
39820
34141
95570
22068
7981
65897
3457
68949
42394
63397
51633
74858
17849
80701
32739
31574
32111
56248
28772
85971
83309
90063
9477
63630
39279
69532
20964
60765
41410
31399
713
95358
16793
73074
59001
35203
71923
63454
77744
83036
65168
22075
65985
30066
42102
64596
62846
1749
87574
92543
93871
67742
61243
80201
24774
32
43539
14068
97414
70020
87562
11521
18477
58798
10544
16823
24920
29053
63065
21598
19403
14588
86318
69493
11131
95625
24699
3712
23424
89316
74338
23252
31188
57671
20615
19665
87045
44041
67355
66996
95023
17820
67709
1448
88841
66479
54936
96153
58706
3172
14116
45681
53905
74423
80699
35502
72288
8311
42335
62981
19539
29586
22056
91240
23221
8592
3112
5137
55047
49317
62834
61346
3369
23716
44188
62855
73068
30288
90789
61842
93053
16997
24233
63037
24816
61433
79198
57928
66991
65183
72169
71399
63697
9985
25307
11584
91132
41347
64106
15239
30388
6821
69803
73698
15167
61828
87910
89208
11812
13297
7862
83309
40204
17689
98885
85626
62795
42772
85666
124
60290
513
71186
18330
54333
14974
50728
58362
32509
90836
54304
20221
73582
55478
91603
29465
7765
32186
62984
79715
66040
23735
78070
69852
11954
77221
82179
64681
62853
78905
40917
78258
61047
1323
89912
52281
25524
51688
1602
62777
52775
86017
73596
95892
29568
61808
24002
22296
61463
73799
95896
1743
70810
59410
30971
91593
41045
89514
38614
64760
28083
60979
3092
84782
87746
86141
88640
33108
37455
9089
74513
50604
85003
14428
62426
37621
36080
17400
83183
81888
2992
48135
89349
98979
17307
85071
55954
53054
79566
92469
61242
38201
60432
7344
5958
40757
6962
67090
14407
88728
217
59595
17874
91098
17412
45449
59073
51765
59779
28430
92919
89662
6841
52968
72045
11215
75850
35222
19723
4320
42848
64657
38383
67747
88350
45083
41015
4484
30619
15355
16707
66622
33324
78709
44679
85858
55566
30527
53024
23551
75355
12942
25461
43598
18402
47838
24390
25182
75835
55033
52860
40647
30530
76420
6323
24631
16038
73098
46115
23583
53210
11158
19315
28631
93191
28126
89385
33903
61391
59026
57390
61400
40159
58302
98640
39433
45492
11389
16321
83715
69835
49830
88911
80893
41838
92008
72501
2303
63209
30998
61222
70288
27697
81124
42508
50492
30298
77016
72064
6015
93668
90485
58817
66653
54750
54449
91808
92888
15186
54379
41707
81444
71697
13909
83610
53119
85482
40671
665
9982
56083
8822
48127
76393
65830
15897
91786
78692
24615
20465
9732
28991
76228
49687
55876
39213
55071
88605
97928
97525
14314
21957
72905
22556
72111
27323
2715
50739
22007
23921
38738
70560
15943
12720
57185
14326
47702
7002
60435
42759
51677
54695
35638
20486
99281
90765
89781
51722
18484
29045
76175
930
35118
12294
93058
55610
15465
49196
97434
3946
18336
20086
92409
27724
29566
57738
42182
67311
54942
48735
65920
27977
66027
30011
92689
16929
83701
19108
670
898
49530
58961
53072
37002
64081
20562
8498
83088
35398
81778
34158
99779
71763
44068
95885
89914
24895
47221
32570
72432
24986
21227
53561
28272
39421
14293
3809
36293
57290
99343
60811
34597
962
35130
37005
43206
66986
72462
24632
63315
10684
85361
43024
99301
79971
71024
40998
21151
87719
36142
28556
31777
44638
48890
60823
58782
26665
34468
50412
35780
10281
38314
32020
14052
17630
73295
64147
32185
61404
16430
66115
55126
22024
17300
15711
13552
36027
93932
81152
30250
12935
19059
7375
64583
54004
68129
87054
85430
2854
91611
40831
87290
80232
97991
5031
8687
37352
19581
98458
24514
29620
42854
32498
64427
35118
24494
23688
99987
16230
46178
77215
94848
60060
85929
45309
58135
36369
37573
889
50136
71387
64564
10656
76483
25619
75983
14357
5685
39056
36100
39418
65680
47331
73690
3163
726
1967
64243
47778
81468
24654
58436
23269
68955
17982
19730
47879
34874
45895
83266
57527
33457
51836
53785
3445
8778
29589
60279
16231
72654
92211
49480
58954
5612
46942
23443
22952
92533
50995
30179
87360
11082
73850
31137
2152
28937
11023
76666
61172
42729
86951
74050
94117
52631
28697
39097
21985
47085
52392
11166
28971
77277
92779
34659
56887
14401
40010
10796
65526
32650
91387
33925
8678
19055
48373
60682
69904
96470
8543
17529
97976
5757
17221
34801
71502
92037
18295
84439
10612
18958
48991
93048
29600
55133
21147
13065
3047
23231
66603
78235
28024
36810
86801
43249
53323
27751
6415
78013
76859
88342
86291
23500
76633
21908
48121
46633
92416
51738
23135
79833
68902
38174
25105
14224
37486
82060
53093
3992
6327
7607
6999
6542
48450
40624
46179
51019
25755
31357
35649
39462
17860
38421
17297
6489
86635
50508
33332
52356
75060
38902
6221
66037
95311
49835
93273
96044
3014
13815
73270
14024
50163
19323
4229
64263
4073
78199
8099
22682
74242
57361
89045
42429
43369
73743
80261
38760
798
86172
69496
53743
9974
54188
75235
28564
64118
90185
3986
74338
39502
60645
42578
64820
43362
76664
19001
3313
61150
75447
9336
21487
11392
33219
47736
9954
64893
35298
39455
40044
45092
35046
93745
24757
86047
46003
71166
2819
60721
16190
8737
9501
69590
28216
24086
40346
20450
53095
2476
38068
94740
43682
2043
37159
64903
85053
71551
6660
33908
43843
37429
183
58323
80877
17903
6981
94208
73147
85737
85983
70530
26849
67556
35614
68913
3309
25790
98334
44375
36346
67064
98685
9434
22464
8464
52396
54558
23878
65522
63829
64929
4866
56679
24258
5261
47982
28709
18684
21330
74339
3296
76529
11176
91140
82751
59898
78961
74296
87347
61261
77220
83524
73595
82032
35254
53447
645
20885
26158
37877
85791
78228
78052
42594
84960
98394
37338
90385
45399
54850
75122
50582
95005
34025
93201
15263
30789
41133
4308
22658
78154
57500
87782
16113
92940
3282
27894
97316
75107
43312
41833
16371
50163
8630
97521
36838
34650
52164
85484
62044
51617
69799
7690
14778
83215
58739
54331
76434
45581
59989
21565
50176
96022
9700
93062
35862
25311
48560
77726
98232
72936
37503
26532
42034
99407
40797
26050
31470
68960
83258
55536
61859
49725
91584
28713
10925
27000
32251
46630
12211
23931
58529
44540
29226
90436
5670
21425
81933
98035
72088
51369
98682
89754
68654
82680
42211
736
67417
26192
51804
34020
51779
64029
77789
82414
59764
39383
50647
7733
79452
45547
29218
88333
23241
11564
40884
71985
1871
67963
16765
47685
59481
6664
23098
33915
41930
29534
97662
39133
65645
11261
14008
92564
66968
6863
33586
57967
43345
8715
32676
92838
16496
33069
22519
66945
28485
69966
37899
23210
89324
382
87967
65502
75440
58408
72553
85305
98112
13936
20828
29898
71588
33560
90679
20056
1048
58976
84094
38432
62465
11346
77673
29526
11134
3260
47354
39796
20132
32095
24246
34756
35807
63083
83830
31029
47115
16508
31301
18892
49831
53254
38402
50528
1973
11637
13966
3945
10398
33681
87250
60353
73838
47768
12113
93572
91361
42777
32241
41711
72031
177
62604
29340
43889
61447
79546
87281
20199
10335
90653
81753
27636
40417
48604
17241
34200
18930
33575
62371
74060
14083
86841
75551
46763
48282
34786
9996
1936
9597
44245
38110
63796
60934
80188
25053
83216
43343
92528
20461
79696
85370
95003
17902
76656
60230
37243
97428
55920
46803
47742
15879
23952
80613
64979
7675
37918
68223
79843
61087
45519
96925
40612
13628
70555
63007
97414
52226
18946
22761
74150
74211
33815
50402
41691
39906
88611
19362
84651
44774
93808
55252
88259
75901
8933
12176
99313
50574
28085
1532
14756
96144
13857
62435
23485
21165
66056
54424
35255
25503
76027
92400
78867
25781
5025
1518
92433
41060
81620
79752
39186
21742
8883
82285
85296
73348
55971
42481
47913
79953
56709
2095
7995
49234
43453
97174
48587
34658
27411
43501
82747
34973
78168
76833
87200
75621
82475
20804
43200
6196
36545
43587
28328
31308
6169
5376
64293
71960
94238
13809
69464
12449
17089
83419
42594
29562
10613
96881
45234
17433
98346
61527
31515
46209
86199
28774
51393
26094
76570
76511
33040
70115
11197
88171
16022
23429
27600
99683
65174
13624
90488
59103
83745
51703
93461
83892
12677
65905
74833
34342
66788
67133
36908
12643
18959
54041
30315
28593
94053
19364
34577
81482
2754
1978
96825
22194
97174
42134
80681
99377
48422
43257
44519
40012
44287
95953
50123
21791
28518
24349
53892
49002
76954
50933
25570
7442
9019
46707
63515
96306
38499
48074
24509
54156
81850
56721
4526
81894
85152
37683
44772
45784
16988
1045
78861
12941
13425
46796
13277
3848
67201
89615
12638
42826
86226
48977
66029
53818
7060
5670
83184
51239
43259
32867
53273
59309
48825
27280
55430
54302
78398
64590
34831
64487
60222
7348
2893
6294
98751
6747
49849
651
6198
90568
20589
48167
70135
84263
74524
15610
76409
22012
5412
26692
69802
69475
60457
69407
25028
90287
67611
91800
46642
1617
53173
5736
67538
80594
72310
25173
59221
1707
89882
75533
29214
70716
81569
92260
53517
9151
25140
42623
43449
25683
90752
88542
98761
54413
15448
81881
74356
33947
88123
88383
43715
70224
90991
4985
46360
34470
54660
75439
71970
82705
21060
25607
1568
36085
32376
7582
21971
11662
46642
8161
86471
91518
37450
32395
1678
78502
16225
27289
84518
22451
23167
84387
30575
3530
46177
31334
38266
30502
44533
42880
11435
55765
87038
4567
28506
17033
45148
23437
94636
39615
93791
76343
52163
6703
13904
31455
31028
31233
30157
96730
89263
65740
51357
64848
94116
66208
61018
99327
570
74253
94534
9149
54815
31585
65836
5635
65854
41733
22589
5910
46933
98727
16900
79445
43790
15152
12320
20339
84295
61433
76594
62749
65349
7483
21043
85599
13833
28594
59513
7878
34404
96102
52364
1449
64449
9044
48609
43503
29072
54109
59807
82906
53628
92628
3173
11258
88454
63409
24909
9393
71187
22366
40486
563
35837
16701
44704
44324
7891
58137
30151
62747
48582
99046
62460
46412
12579
13345
49649
87492
49779
70096
21684
80359
49549
544
2802
16304
69516
89338
56172
34343
15703
96603
33283
43544
74093
16573
57194
36516
43802
4525
50294
63917
41418
79861
85394
39529
24692
77357
80415
21024
63234
61069
79541
87693
39731
73238
32747
75124
38095
77035
34032
3039
29725
45696
75813
17340
18907
31721
32022
32668
66973
97102
89711
57721
94026
34813
91728
20889
59710
68958
8900
1072
85424
10734
25085
95543
58840
10677
31539
47210
84734
51041
2218
24180
13717
92727
78414
55652
9487
85350
90832
48666
61670
98799
80758
12897
24544
59687
44634
25906
10648
56790
76727
70168
97592
73726
37831
29668
95884
47191
31629
82166
91050
81084
8902
72808
33093
23155
72403
32240
21676
51908
55600
1031
54525
34367
87044
80694
52469
14338
11716
57777
63806
75544
90717
95437
66753
82303
63495
50266
6038
39399
99781
67498
71351
9723
27930
98342
21398
35458
42377
40547
83246
37695
3349
67491
25921
75516
91027
4308
23046
47982
254
82490
77018
6937
61573
14543
53185
30526
65914
3293
88482
41245
9677
19270
93441
16307
70381
81850
21734
5635
40826
80194
15377
8940
26362
68542
69321
36257
42920
24731
35935
51018
96479
70873
68984
72341
65196
6307
73898
5735
55196
51753
1107
68634
52708
48181
90708
37289
65816
35797
46148
19860
46871
93606
49023
25257
79800
87977
49552
36589
31550
61844
11931
75263
32269
66092
64635
4020
81037
82109
55679
143
3316
63864
7500
45012
71583
82841
76862
29044
84382
93603
77861
50231
72273
80895
29650
36416
34118
29532
11565
85032
51647
52006
22948
22054
66910
7684
12960
60498
15700
55850
88366
17654
81180
55905
70515
26462
73163
40223
46410
44825
10560
31040
46586
26391
27423
48025
11323
33356
51818
71284
5437
70779
33252
84576
95560
32253
27606
22855
54165
59472
77836
41902
89687
27264
60394
60150
9787
84568
79433
13355
63987
99010
59657
90262
21680
14223
50078
89627
29445
74808
47076
48323
92317
26448
65912
17663
24972
44295
79241
68374
26715
50138
22751
80843
18539
78250
64768
50584
30502
39700
94964
80891
83232
66648
73048
86436
6760
25103
34114
71336
4810
15299
26599
13687
62927
86803
3761
1104
14776
50381
32553
73017
10652
33513
44437
16384
86573
1186
59206
52211
15613
14876
4706
55685
14418
53751
16265
86214
49832
96175
7220
14266
39336
8824
89158
54982
91269
34732
47400
62551
11996
90834
11862
50287
85466
44732
23850
11714
89413
36427
82512
16882
12704
47797
97709
35421
74280
57096
68745
24376
93137
15999
49716
49922
34816
47151
9664
48841
51447
64014
21222
817
92161
58906
78109
47953
15850
35967
65790
27378
2533
5901
66159
66552
89333
54414
50977
59661
44285
65586
50196
78300
78956
76711
93728
58249
74124
46497
13415
56312
47283
28458
10530
10467
79537
81849
37212
77504
23634
63057
90301
68789
34247
42238
49067
33978
76086
74733
47775
89706
28498
20114
91652
17976
98196
80407
22682
44451
26088
30667
39712
24032
41264
90089
35923
27255
32842
95225
20294
74020
42974
31864
46293
87858
54903
65273
76949
72674
55567
53857
28236
78091
61970
79543
85807
17344
19095
41675
73754
11540
595
34120
16657
40728
54197
23752
85533
52985
77734
31895
86826
85606
99069
32752
15369
43246
26049
70945
83608
31110
21486
70014
40469
99647
4407
89723
88286
72942
7292
41852
24847
47478
18081
78700
99835
77090
56194
67025
75176
70630
64219
86822
8068
7667
29560
40453
38248
24236
12997
69281
44746
33423
68000
77224
703
35266
90380
19416
79961
55013
3179
18521
71512
33852
59160
97646
91021
20555
89062
9236
98242
95603
72882
92744
96797
18626
90601
2134
1367
93861
14071
60936
19155
5857
77895
95626
8990
44704
91081
1658
50459
98340
99252
99297
81892
29142
76431
14258
77594
99763
73374
50376
18801
19111
18856
4852
91444
22318
48361
23582
85372
24983
40426
49813
61890
97527
1101
98069
46639
57348
9160
58805
86258
51471
92667
23430
76900
91372
57863
45444
24871
32976
91930
37390
56210
20560
25349
94989
84262
29647
29325
8319
49100
45698
71547
4752
89174
38483
79223
664
5334
79517
13721
98782
59914
33659
17870
54794
22050
11469
109
61126
94447
42815
39309
73462
53920
40292
27646
35749
80070
73462
5366
48167
66853
76512
54077
6891
31060
26252
81615
81994
13676
43710
45353
50231
74703
25586
16899
65858
1096
14332
27938
5460
43178
99491
47157
54156
16610
95930
17888
31620
90342
27379
56754
46948
1585
93402
67015
67361
19013
29910
91511
54860
42142
1662
29441
66198
3903
9583
19666
18063
52001
88876
17747
55333
51317
11188
49286
36867
17526
37262
99155
18828
9722
94643
81878
83259
73137
16598
19590
71622
16413
36070
55170
25553
68430
35675
16761
13105
40143
89282
15926
31670
24484
76027
78106
86538
82376
24916
84463
16472
90763
80262
63354
53407
1591
66405
20334
33760
15164
8094
92461
16470
43838
99509
7132
55265
57184
48608
8553
78774
89286
20369
92517
22991
37334
94558
58636
18543
29508
28881
38583
9571
82495
94570
2686
99095
22179
38611
1464
99101
33717
9362
72686
28719
71081
48475
67529
80880
84305
55800
3006
85302
7207
65514
30462
98823
77799
12333
49142
98111
48543
37923
92156
35906
34744
17399
48615
76874
18534
90736
75335
16408
10473
1260
1250
44219
9373
2306
88164
33416
99505
3853
47974
55304
65867
62086
81575
48594
47659
36639
23102
43199
81520
49462
26783
66822
76736
63853
43410
19596
37860
67164
57926
10264
20465
73360
54612
5632
3069
93031
26824
9963
94002
20627
83079
16637
48589
7256
82848
88684
49746
37814
39346
92479
69368
14252
59237
59478
34535
11771
18258
1896
23205
16828
42859
60150
67777
44576
58767
11973
96362
75166
19127
62797
84730
56597
68366
47878
87217
87092
80770
74313
76558
97324
24008
45100
2474
95967
96780
40287
62719
98094
91880
24723
84761
1584
880
89293
68926
2351
56397
99494
41886
81741
47137
72477
11817
21548
15961
53207
33344
48355
31505
37584
7818
42227
11722
46693
25655
48994
53087
86254
12750
70946
58878
79947
3619
13377
94668
89087
