853 796
122346
112301
121355
155937
162159
193749
108637
121198
155223
149585
150286
150261
137237
132434
195870
159170
132352
118983
177845
154514
114980
129095
106131
110247
168446
194098
145986
172822
130503
186171
111879
170088
129029
187658
133729
123878
106100
136481
101681
180439
145643
155554
193337
190336
96820
95027
120743
127686
157380
190641
118408
101698
174766
148415
95548
112900
91979
157353
180676
130126
93796
143216
105487
157424
173750
184919
122251
150702
130134
148270
171653
181038
106682
91534
136150
121229
99434
109405
166665
152419
113254
166917
141359
92512
94453
180199
188492
164094
146889
99836
158973
107129
129883
186972
168106
95500
165963
91906
178232
147897
177188
122632
153635
132168
117823
175695
155353
187343
105537
196406
116119
116412
93584
123058
164535
131866
165876
186990
178380
153335
189376
195714
110092
134732
94781
146467
92675
151428
137706
183160
129352
181929
124491
122362
168985
127602
155932
94703
110026
103585
102670
159177
151524
185651
121424
133413
190973
114154
174857
117438
98343
97037
177705
127319
111697
182026
148712
157908
187453
199527
171943
155473
147658
113448
101793
167561
107239
115034
175354
95187
176024
187841
143625
157269
96954
159169
196985
181502
177431
130656
132971
102284
160224
140884
95819
194822
95542
152235
166962
164573
148352
98222
155848
122489
131810
169247
138533
125385
122259
141480
159997
116320
124021
91657
171936
190299
194634
190413
106837
111585
147791
173652
113019
123958
111811
136042
124800
177620
111019
129159
177757
100335
126242
117442
157764
166391
162935
116056
149252
151275
124654
173821
124370
92315
140965
165129
199595
164889
99317
161804
192650
147529
111514
128438
159048
180810
126875
183711
139413
98528
186256
160955
92072
104906
161384
110046
198262
155738
121151
121979
101309
164968
139739
95682
176060
129267
125972
111176
148290
128156
185177
157258
141756
145906
150098
151109
193867
115636
130988
98157
167284
187103
140668
185743
156980
165714
114041
185411
147289
91933
157904
185966
158200
179765
152098
155405
104366
167748
100066
185586
128477
114124
103740
190261
110011
133709
146725
125596
151536
154846
149115
178660
173976
133825
114279
195666
180041
197205
159924
188526
142534
177014
144113
115351
157724
147295
137265
138664
160976
190435
105260
149803
131167
162977
180740
161094
154638
160003
125652
105847
123210
186013
128602
170624
118697
179575
99527
97911
153728
96269
149431
143298
187630
176123
112418
152881
108317
196775
141849
95985
198913
98356
175936
163112
139641
181776
175218
117637
148608
169348
100432
128096
128147
175769
140246
152861
115202
113549
135717
115044
165723
122796
92575
140633
119689
92704
100776
101973
96400
139077
116003
99696
131672
115889
150060
92745
92316
179609
94505
138318
110487
113612
168603
92592
159050
163654
129289
150132
193049
123753
118213
115713
181071
131900
115073
198929
138204
145444
131506
100924
104009
163583
139946
122470
185194
141348
158807
128358
99558
176886
109638
103992
195748
149911
168215
132584
92770
152277
105879
94920
161488
144826
175188
182802
153946
159058
115578
142579
131105
172506
160160
138047
195942
137895
134851
94346
160438
106671
95158
92175
99680
134045
159628
175883
155295
168463
108171
99833
149367
186088
112932
121078
181006
138809
168738
194311
105152
113194
179644
120661
128863
187003
197485
183152
152502
182307
150511
173417
130557
170946
121489
168557
122254
119802
126823
190616
132579
127123
175322
153447
98307
181450
120958
196440
172064
175039
120053
159612
135667
109902
184968
147577
148193
139513
136728
153155
165594
97885
105942
165358
112379
108986
92150
193118
110957
187646
157402
174113
136076
188380
158566
124945
177434
142465
146492
173659
152999
182154
193938
169073
107137
133146
109827
175214
179194
184906
173466
106005
118267
113810
160205
147494
138891
103711
92810
114893
134247
102434
165147
139330
136555
123693
129227
135649
162106
199519
132747
168175
193037
109802
189902
114538
128740
104919
148480
160348
166838
95375
115021
118797
133261
136160
182703
102780
116438
112819
119033
193570
186819
116074
142199
136701
153847
101290
138475
97594
135306
133755
126168
151330
185557
175872
170690
169988
145319
157012
112892
101342
94112
144210
118919
195702
188389
92537
167808
162037
123583
145093
115236
134047
192447
170103
180306
149096
158967
176204
149189
109156
159322
149186
176681
102643
118419
189680
121425
127329
132650
180649
124597
184816
138262
180848
158302
140125
108573
104540
150638
158720
141403
151953
122670
154590
158594
186456
195524
138569
179022
181443
170656
190797
172884
159235
159611
96070
101457
168964
173386
138453
148531
173195
192444
179204
97993
134213
148408
180254
140071
195795
193084
159562
116185
191117
182043
181495
194952
127401
138721
125031
125988
101855
167666
98878
157105
159786
139076
197050
164285
159447
185876
116414
196722
100257
141952
193308
103121
190811
172835
159841
171311
140966
133641
175093
146272
135883
113672
150591
141766
92563
99168
185656
115353
165799
198762
179302
159233
139409
104499
191001
98194
192504
174755
197326
125232
130219
126690
147515
193715
150469
196760
199362
105970
120455
100466
111010
114153
173401
137107
170814
96426
188074
96791
153510
160502
171880
92956
144822
118255
92836
157800
96224
133980
181625
131630
143654
113435
128630
137653
166063
164098
193339
156351
188794
107964
137101
190945
163499
128662
138503
96412
141694
101928
167371
130171
151900
148144
182313
102529
111606
156024
125078
112715
134312
181927
155348
165421
192157
107187
192658
93187
172915
148950
129909
104010
146456
142342
190612
190891
169260
107541
161539
160931
167177
184824
109593
198995
188468
197491
186381
164780
104838
142706
192366
177082
147823
157769
122011
183643
196605
192381
103795
164925
152542
192189
92677
160184
134149
129071
190029
159539
114518
95330
126702
91652
186660
160228
158894
184271
119067
175831
162570
123163
165441
119617
132001
187996
123291
177663
129565
192931
184438
138671
184741
179444
123098
145183
125542
112597
152271
114367
106043
157895
138713
167800
194019
194170
161392
102014
130008
162691
178840
137485
91705
96470
126411
93183
147212
98422
144232
92822
98213
106474
117562
146238
117489
147677
144595
156756
110110
130396
192997
144470
167848
180195
99965
130649
120775
143783
167046
129574
118546
188617
111812
100374
185804
102490
137490
189416
187662
177199
177273
103010
132020
100690
132814
186010
164796
166732
177253
170666
196818
148194
112079
116876
126999
195119
107397
186427
150671
135058
174019
135436
161146
116619
190867
99796
171536
184516
135277
108579
145692
92781
192535
136720
129899
161095
130953
141145
174938
131543
109659
121686
111564
162743
134773
163472
116600
171805
173573
124086
191606
178598
161508
192072
144652
130728
95806
169464
116560
102426
117710
168360
105575
172041
155739
121904
108995
155796
155749
166840
187105
100563
178003
140166
116831
117746
136476
169254
154666
104529
137110
174826
152739
170655
146500
117387
115084
116290
197405
182158
98035
122134
160819
195787
197595
197309
108740
189955
173750
177870
154137
140080
91536
144423
139721
197604
180522
138494
174211
148716
166873
155840
184562
141669
141729
147697
106327
101008
135492
126382
101310
114278
173843
151504
190741
154228
113153
146954
185721
173336
103224
181406
162136
149766
139240
155168
155388
171105
151639
191801
138072
176188
184255
124255
101266
137756
107908
96465
107739
98985
197578
123940
98715
164556
179801
192292
188124
121868
168548
132909
138931
121540
186875
155674
153008
195464
193456
101871
146199
165147
134464
188484
108183
102831
112239
179220
133755
119081
92685
112214
116317
184740
134294
167714
115135
177016
181649
115825
108053
132188
188673
154705
114211
194625
95527
124943
148471
126703
162029
157925
177237
93163
187156
193144
173286
177906
110192
174977
160840
142507
180976
122749
99483
149132
185908
184936
174772
101724
133289
92350
115917
181551
172007
109197
171765
116062
94907
125391
138167
185796
166865
130628
129859
143183
154320
148763
190066
95908
90575
181131
140525
133030
189624
128158
166434
91776
92501
171183
191120
92883
125645
126121
158221
163438
123780
114562
117982
118799
135094
158240
120127
164785
182104
152684
96518
160724
128633
131938
98913
115598
182745
178405
118588
127567
103587
187078
116371
99268
91744
113281
114678
183218
192329
133318
92303
135195
98027
135560
197413
151351
133399
115839
175705
195105
182276
106838
123351
194967
185652
171996
194775
183220
162463
155620
121205
93871
197085
137058
141817
139194
124514
189864
150902
164222
177614
125874
119747
155656
171508
139423
131127
100676
138987
139950
141244
126942
127804
166593
176359
128183
185514
115668
105462
153668
156838
180120
114662
138721
129131
117763
165208
92912
116389
161089
123432
126039
111797
155042
105398
111974
187791
157428
194269
145693
157189
167959
103049
154034
188431
193505
167349
132244
112357
133551
186084
183427
181730
107324
132081
152687
156520
134815
153389
151772
96475
193544
133811
162524
97097
175969
100126
149708
141812
109354
181540
153963
164527
194871
162336
177722
141668
109036
177788
174897
179471
180985
113493
150941
97922
163806
107128
90045
136553
104853
157882
193964
132852
99388
129975
157358
124235
176310
107993
160179
97408
192469
109359
165066
90925
156955
124668
95118
93986
165059
149995
156292
184441
151227
144733
188089
95357
141572
116130
92527
139146
163732
103687
102899
150090
125925
106462
107422
147292
115488
110762
190488
185189
99654
156685
99525
184716
133853
111033
166349
90115
105871
148419
154069
173810
190341
136066
98828
129610
181672
152985
164570
160017
172473
172589
105125
194222
135612
128816
99324
173506
95758
104817
151542
96906
183385
136993
144504
92541
165550
95164
100987
142039
135263
151162
110055
112665
164658
162512
135843
193303
124457
138667
161547
117295
149874
155248
131511
115342
100953
111326
190604
177370
95796
169562
95841
153698
161581
103985
190007
188895
134700
164485
169436
101935
104325
116162
160274
145820
155947
150071
168111
194203
108113
195937
97166
93759
195420
173239
144634
94439
145922
114687
122713
140161
120344
116220
108026
96149
145845
115873
160574
194977
147033
144524
151751
194287
187120
102056
197380
145289
153513
184233
94474
107788
186703
110505
170499
126080
161800
130847
112203
142232
137145
114209
106587
125604
138255
116690
189147
136478
128021
151305
162067
155249
155555
127458
109365
189924
184567
185219
144809
155375
153098
118719
165342
136579
115659
137273
196769
154250
116777
171422
187073
186149
121287
175947
113802
122600
119656
184906
101642
173155
157532
144657
186011
192163
136636
122614
113598
133662
112281
190479
173620
98504
143287
115736
173023
184896
135507
163279
124371
153621
126791
150005
92672
120713
131926
195245
141543
174005
116979
146827
148166
189089
166942
120066
126620
126026
105533
99972
180975
142054
165769
167831
150020
117436
122324
161418
164159
142713
115287
140208
116393
156922
122286
164912
134402
142637
97186
135532
103363
141473
183228
116322
176987
160876
104965
195529
131207
92734
163924
190671
154248
194122
136819
101421
189327
184229
136244
122955
162534
192002
147320
143232
117595
181554
127377
156464
100216
107137
175368
191944
169847
188667
186360
156233
147027
148110
135439
117109
167227
134914
190139
145952
108413
106582
98525
110297
141874
156168
112280
193220
193560
93493
149679
144896
134500
178133
164690
193840
169817
106380
164294
130389
102791
